3069
6439
10243
15448
20754
25992
31231
33166
40006
43676
47213
52385
57791
63396
68301
70236
77110
80747
84384
106573
109109
115748
119452
121888
123490
125792
127127
128628
132332
133433
135602
137437
139506
140907
143810
146713
147914
149782
150850
152485
153620
155622
156189
161161
163863
166132
168034
171971
177043
178211
180446
181781
185285
186386
191558
192592
201467
202936
207373
208775
211144
213913
215715
217250
219986
231264
233466
241007
243743
247013
248047
258191
261294
269202
270737
272772
275742
278344
290523
291658
296763
298131
299966
301868
306239
308474
310476
311477
312712
314280
316883
319552
321321
324257
325692
331664
333900
335435
339005
341541
346646
350316
351484
357557
359859
364330
365565
367600
370269
373473
374040
379545
382849
389255
406272
408408
410343
413012
413846
415948
417583
421020
423089
426959
429695
430663
431898
433633
437770
440039
443009
444210
446145
447280
449949
452185
457490
459459
461160
464764
465298
466833
468434
470470
474073
477043
480213
481714
483649
484917
487153
489422
492892
494861
497363
503402
507507
512345
515848
517350
520786
524857
529896
533699
535334
536068
539238
540640
542575
545311
548514
554887
557023
560993
563496
567133
569368
572772
574073
576275
584283
587019
593159
596362
598664
605104
606906
608341
610676
615181
620419
624090
626325
628561
631063
636402
640106
642274
644443
648014
649649
651384
653586
658924
662294
665164
667500
671470
674740
677710
680780
683683
686352
690956
707406
709108
714013
715948
719318
721587
733132
745211
747646
748781
749715
750583
753619
754754
757389
760526
763629
766232
768701
772338
775307
778077
781313
784784
786452
788020
790623
792958
794527
797897
799799
802334
804837
807907
809208
810910
813913
819185
823289
825591
827626
830062
830896
835968
839038
842808
843943
845911
849582
850783
852785
856388
858924
860793
864897
867833
870402
872705
876175
877710
879745
883649
885618
892391
897396
902501
904436
906171
908540
910910
913345
916248
921687
924757
932231
933899
937069
942908
945110
946578
948480
949882
956355
959591
961927
963862
965965
969802
971971
975140
978043
981113
982014
982815
986051
987286
988587
990689
1009842
1012745
1014980
1018384
1022888
1025224
1027259
1028594
1030295
1033799
1035267
1037403
1042841
1046245
1048047
1049715
1051784
1054353
1056455
1058791
1062127
1064263
1065931
1068934
1073005
1075741
1078544
1080145
1081947
1084450
1087820
1090622
1092558
1094426
1099064
1106171
1108307
1110542
1112277
1116748
1123122
1124723
1127292
1129595
1135868
1142841
1148247
1152284
1164363
1170402
1175541
1179178
1182915
1188720
1190522
1192558
1196195
1199498
1201700
1203569
1205037
1206972
1209608
1213912
1219451
1221420
1229628
1231129
1238804
1248880
1252918
1253885
1262094
1266765
1270068
1271637
1274740
1276408
1279244
1282180
1284750
1287619
1288687
1309207
1311810
1318050
1320652
1327392
1330362
1332431
1334199
1335934
1337803
1340172
1344042
1358323
1366698
1368834
1375474
1377042
1379244
1382047
1383382
1387686
1390956
1394192
1398196
1403568
1405404
1408840
1409941
1414946
1417416
1419951
1421887
1423021
1426558
1428760
1430228
1432364
1435667
1437369
1445010
1448613
1449681
1453185
1456354
1458256
1463762
1464663
1466598
1469000
1470902
1474973
1476641
1479311
1480912
1483548
1485383
1486651
1487619
1492824
1493658
1494960
1502667
1507906
1510108
1514713
1519117
1523388
1525223
1526024
1528760
1531997
1533965
1536034
1537102
1540805
1542541
1544442
1547946
1550448
1552751
1553885
1559057
1561259
1563695
1569734
1571436
1573672
1576474
1580745
1582948
1585050
1586518
1589988
1606738
1610742
1612777
1614179
1615447
1618316
1624089
1627292
1629194
1632631
1634399
1636668
1637936
1640305
1643208
1644876
1647379
1650482
1651583
1654419
1657088
1660525
1666498
1668733
1671136
1672037
1675140
1677542
1679744
1681880
1688219
1694492
1697095
1699597
1701666
1705136
1709941
1712043
1714012
1715447
1718950
1726424
1729461
1733398
1746911
1748246
1752484
1753418
1756554
1760492
1763928
1767165
1768500
1771069
1773671
1783214
1784549
1786417
1790755
1800698
1801833
1803368
1806304
1810041
1812043
1814879
1818349
1820552
1822921
1824923
1827158
1831095
1832897
1837435
1838603
1841406
1845243
1847679
1851082
1853117
1854986
1855954
1859424
1860658
1863795
1865830
1868166
1869901
1870969
1874505
1877108
1878009
1879978
1881145
1882947
1888353
1891456
1907705
1910642
1912644
1917181
1918082
1921386
1922553
1925857
1928326
1932430
1934565
1935967
1937235
1939537
1939804
1942573
1948646
1951783
1953184
1959924
1962126
1967999
1969834
1973705
1975440
1978409
1981212
1983715
1985350
1988653
1995560
1997528
1999497
2001933
2004002
2005403
2008339
2009507
2013511
2018249
2020551
2022153
2028092
2031162
2033398
2035533
2037168
2039737
2042173
2044342
2047879
2049881
2051582
2055820
2059957
2061793
2062794
2066064
2069233
2070935
2073871
2076841
2077475
2081446
2084515
2086484
2089320
2095860
2098429
2101966
2108773
2111342
2113377
2115680
2116781
2118616
2119684
2120518
2121319
2122954
2125523
2127024
2130828
2131963
2134599
2136834
2141239
2144075
2148679
2150948
2152416
2160224
2161425
2164629
2168065
2171002
2173771
2178609
2179911
2180945
2183080
2186884
2189287
2190254
2195393
2210241
2213678
2216047
2218616
2222687
2224222
2225623
2228526
2231762
2236434
2238803
2241038
2242807
2245943
2247478
2249914
2250581
2252617
2255386
2258522
2262493
2263628
2266864
2270768
2272903
2274405
2276540
2280578
2282380
2287585
2294425
2303434
2305036
2315946
2318649
2325790
2330461
2335399
2338302
2340471
2344475
2350081
2356187
2358356
2359957
2367198
2377842
2387251
2390154
2391922
2400131
2403134
2408305
2409740
2411642
2412276
2414812
2419517
2426123
2428192
2432930
2436267
2449313
2450815
2455052
2456420
2460224
2463727
2465563
2469567
2473037
2475139
2477708
2489753
2508906
2514945
2515913
2518148
2524221
2527024
2529660
2532396
2533998
2540437
2542373
2545709
2546877
2549947
2550848
2551415
2552816
2556020
2558022
2561592
2563494
2565996
2567031
2572369
2574772
2576307
2578676
2581078
2584281
2586417
2589019
2597194
2599997
2609540
2615212
2618482
2621452
2623087
2624888
2626957
2628125
2631028
2635232
2641372
2642506
2644141
2649013
2653684
2656220
2658589
2661125
2666830
2669867
2675973
2678409
2679443
2681278
2684481
2686350
2689453
2690988
2693857
2695359
2702866
2718115
2720918
2724855
2729793
2735499
2737935
2739503
2743173
2747611
2748912
2751148
2754752
2756553
2758355
2760023
2762860
2766230
2768832
2771735
2774238
2774938
2777307
2780744
2786416
2788085
2790821
2793157
2809506
2813544
2816146
2819283
2821051
2822419
2824087
2826824
2831395
2834364
2836433
2840137
2843707
2845809
2847010
2849446
2850614
2852382
2856486
2857554
2859389
2862860
2865295
2868131
2872836
2875072
2878575
2881745
2887718
2890621
2895993
2898929
2901698
2903133
2905769
2907437
2910540
2914378
2917547
2922586
2925155
2926290
2929693
2933864
2936700
2939002
2941772
2943140
2944975
2947077
2949313
2951949
2958422
2960791
2962693
2966096
2971068
2976239
2978709
2980243
2981745
2984548
2986149
2987184
2988919
2991154
2999062
3000564
3003000
3004634
3007337
3009106
3013810
3019316
3023053
3024855
3029126
3037768
3040303
3043173
3045942
3047110
3050747
3053650
3057087
3058255
3061591
3065162
3066930
3068031
3069399
3071802
3073537
3075906
3077574
3081445
3085048
3087684
3092989
3110407
3114778
3116880
3118648
3120350
3121952
3123153
3126690
3129126
3130694
3132462
3133930
3139202
3142405
3144841
3146476
3149179
3153283
3154684
3161525
3163493
3164995
3168498
3169666
3174004
3176039
3178475
3180610
3182479
3186349
3189753
3190754
3193390
3194457
3197460
3200730
3202365
3205035
3206102
3210574
3213610
3214678
3217514
3220250
3222786
3225488
3228358
3234164
3236266
3239102
3240937
3242973
3245675
3255051
3258888
3260824
3264494
3266696
3276539
3281478
3284147
3287984
3290153
3291688
3293223
3298028
3299996
3302265
3305101
3306369
3315812
3319716
3321951
3324087
3326389
3328692
3332796
3335131
3336232
3338068
3339969
3342806
3346476
3354918
3357387
3370300
3377040
3384214
3392956
3410240
3411908
3415578
3419549
3420683
3422719
3426089
3428658
3430994
3432829
3435432
3437333
3438668
3440603
3442739
3444207
3445508
3446376
3450180
3451681
3454684
3456186
3463059
3465829
3468064
3470200
3471401
3473636
3477207
3489819
3492088
3495558
3499929
3504367
3507370
3509606
3511107
3514711
3516746
3519482
3520550
3522485
3525655
3527891
3531261
3531995
3535064
3537033
3539903
3541704
3544374
3547911
3550313
3552148
3553149
3555752
3557554
3562225
3564127
3565662
3570233
3580276
3583112
3585882
3588217
3591521
3600797
3603466
3606035
3608738
3613242
3615545
3616646
3622418
3637233
3639068
3656619
3665028
3667997
3669565
3670767
3673136
3674570
3677874
3680309
3683780
3684580
3688451
3690420
3692555
3711040
3719015
3725188
3728791
3731194
3733296
3735898
3741871
3744373
3747343
3748845
3752749
3755118
3757086
3759222
3769499
3771901
3774370
3775304
3778174
3783846
3786516
3788050
3791053
3794590
3796259
3798127
3801864
3808371
3812542
3815845
3818514
3821184
3823586
3826522
3829058
3831594
3844140
3845575
3847343
3856919
3860223
3864393
3867997
3871534
3874470
3877874
3881010
3886682
3890286
3893456
3901397
3906102
3909005
3912008
3915845
3917580
3920149
3923252
3924253
3925621
3927123
3930493
3933029
3937733
3938968
3940336
3948144
3954583
3960556
3963559
3966128
3969031
3970299
3973369
3975371
3978607
3983980
3987883
3991320
3995891
4000262
4009205
4013442
4018314
4022351
4029658
4032895
4034430
4039201
4042138
4043973
4048544
4051480
4053282
4057920
